300077
600738
600792
000965
600167
002570
600733
002141
000852
600826
300276
600791
002229
000691
600275
600112
000616
000606
002439
600216
000735
300106
600257
603043
000043
002702
601616
300096
002272
002314
300434
600301
600756
601118
002514
002154
002485
000966
600469
600981
000502
300368
300218
002565
002616
300235
000622
600178
000948
002058
603996
000061
600749
000695
600239
600655
600198
600313
000159
002458
002268
000046
603886
000592
300581
000409
300189
603636
600222
002647
300363
600193
002623
002384
000702
600249
600759
002016
002234
600587
600765
600478
000585
603609
200160
002113
300511
600653
603701
900936
600295
603088
000949
000656
002524
002505
002569
300359
601106
900946
600698
300451
600714
600165
000892
000543
000603
000703
000723
600539
300045
603669
600794
600425
603000
600777
600025
002194
000039
603828
603127
300369
300036
600097
000049
002613
000797
300227
600853
002297
002264
000962
300380
600744
002671
002049
603616
002396
300638
300401
300224
000936
600346
002299
002746
300344
002832
000782
000836
600383
002751
300381
002305
600129
600195
002696
300684
002490
600479
002040
002642
300089
600173
603010
002560
300520
002115
002487
300448
002738
000886
600617
900913
000633
603326
300207
002649
002662
300337
200992
600538
300515
600977
600763
600288
002198
000620
000755
600644
300203
600466
600884
002457
603227
002653
300200
600021
600143
300371
600141
200771
002230
300496
600578
600657
002841
600027
000005
300313
600866
300531
600448
002866
600673
000898
600737
600636
002359
000506
300461
600760
601005
600258
600779
002267
300066
300595
600182
000791
002563
600654
600483
002637
601369
002475
603300
603801
300632
300562
600211
002193
600573
000017
200017
002120
300357
603606
002336
603800
000720
600527
603693
000636
603030
002912
000925
002125
002409
300251
002541
002725
300339
600680
900930
002106
000415
002080
002468
300272
300422
603113
603027
600845
900926
000519
002853
600362
002243
000790
600305
603708
600456
002091
002557
002463
000931
603899
300012
600256
603337
300151
300490
600809
900942
600054
002576
603589
300450
000893
002614
600403
002612
002377
002341
300720
000823
600490
603816
300132
002635
002456
603338
000877
002913
002851
300144
002819
002189
300438
300653
600782
603855
002586
002538
600234
600704
300120
300147
000955
600559
300735
603833
300257
600308
300390
600487
603180
603226
300662
600678
600433
900934
002034
603496
600507
603303
300082
300149
600251
603659
600228
002304
603877
300602
601233
600317
000975
601607
300467
300015
002640
603808
000629
603937
002399
002316
300131
300328
601011
002859
600321
600667
002811
300630
603987
300545
000737
603505
603866
600702
002239
000995
600875
603688
300727
600727
300296
300302
603360
600323
603630
300408
002240
300538
002382
002432
600481
002867
002046
300137
000977
002539
002007
603823
600997
603305
601857
000789
600566
300107
600722
600266
603729
600493
300703
600519
300725
300309
600775
002398
000589
300130
600352
601003
300596
603367
000546
300607
002026
002677
002444
002217
300398
601966
000731
300047
000682
601128
601588
002438
300582
000630
002675
300651
603596
300383
002661
603699
000672
603599
002795
603848
603968
300628
000930
002916
002858
600055
002195
300386
603225
000906
603936
002425
200596
000596
002461
002182
002810
000710
002353
603985
300349
300732
000503
600096
002585
300470
300046
603181
200058
000058
000651
600019
603918
603838
300346
002507
300599
603339
600010
300472
002150
600277
001696
002768
002842
000421
603108
603566
002549
600529
603980
002821
601677
002511
000858
600710
000717
300570
603869
